ensemble complet : non - ou - et 

HEX(6) : fct à 4 variable : il y a 2^(2^4)) equations
	  ___ ___ ___ ___   ___ ___ ___       ___
HEX(6)  = sw3.sw2.sw1.sw0 + sw3.sw2.sw1.sw0 + sw3.sw2.sw1.sw0

	 ___ ___ ___ 	   ___ ___     ___   ___ ___	       ___
HEX(5) = sw3.sw2.sw1.sw0 + sw3.sw2.sw1.sw0 + sw3.sw2.sw1.sw0 + sw3.sw2.sw1.sw0


2/Comparateur
       __    __      __               __ __         __               __
z = v3.v2.v1.v0 + v3.v2.v1.v0 + v3.v2.v1.v0 + v3.v2.v1.v0 + v3.v2.v1.v0 + v3.v2.v1.v0

v3 v2 v1 v0   z
0  0  0  0    0
0  0  0  1    0
0  0  1  0    0
0  0  1  1    0
0  1  0  0    0
0  1  0  1    0
0  1  1  0    0
0  1  1  1    0 
1  0  0  0    0
1  0  0  1    0
1  0  1  0    1
1  0  1  1    1
1  1  0  0    1
1  1  0  1    1
1  1  1  0    1
1  1  1  1    1




3/circuit C

z  h0 h1 h2 h3 h4 h5 h6 
0   0  0  0  0  0  0  0
0   0  0  0  0  0  0  0
0   0  0  0  0  0  0  0
0   0  0  0  0  0  0  0
0   0  0  0  0  0  0  0
0   0  0  0  0  0  0  0
0   0  0  0  0  0  0  0
0   0  0  0  0  0  0  0
0   0  0  0  0  0  0  0
0   0  0  0  0  0  0  0
1   0  1  1  0  0  0  0
1   0  1  1  0  0  0  0
1   0  1  1  0  0  0  0
1   0  1  1  0  0  0  0 
1   0  1  1  0  0  0  0
1   0  1  1  0  0  0  0


h1 = z
h2 = z
			 _
h3 = h4 = h5 = h6 = h0 = z.z



4/Multiplexeurs

v3 v2 v1 v0  b3 b2 b1 b0  z   m3 m2 m1 m0
0  0  0  0   0  0  0  0   0   0  0  0  0
0  0  0  1   0  0  0  1   0   0  0  0  1
0  0  1  0   0  0  1  0   0   0  0  1  0
0  0  1  1   0  0  1  1   0   0  0  1  1
0  1  0  0   0  1  0  0   0   0  1  0  0
0  1  0  1   0  1  0  1   0   0  1  1  0
0  1  1  0   0  1  1  0   0   0  1  1  1
0  1  1  1   0  1  1  1   0   1  0  0  0
1  0  0  0   1  0  0  0   0   1  0  0  1
1  0  0  1   1  0  0  1   0   1  0  1  0

1  0  1  0   0  0  0  0   1   0  0  0  0
1  0  1  1   0  0  0  1   1   0  0  0  1
1  1  0  0   0  0  1  0   1   0  0  1  0
1  1  0  1   0  0  1  1   1   0  0  1  1
1  1  1  0   0  1  0  0   1   0  1  0  0
1  1  1  1   0  1  0  1   1   0  1  0  1

v3 v2 v1 v0  b3 b2 b1 b0  z || m3 m2 m1 m0
0  0  0  0   0  0  0  0   0 || 0  0  0  0
0  0  0  1   0  0  0  1   0 || 0  0  0  1

0  0  1  0   0  0  1  0   0 || 0  0  1  0

0  0  1  1   0  0  1  1   0 || 0  0  1  1

0  1  0  0   0  1  0  0   0 || 0  1  0  0
0  1  0  1   0  1  0  1   0 || 0  1  1  0

0  1  1  0   0  1  1  0   0 || 0  1  1  1

0  1  1  1   0  1  1  1   0 || 1  0  0  0

1  0  0  0   1  0  0  0   0 || 1  0  0  1

1  0  0  1   1  0  0  0   0 || 1  0  1  0
1  0  1  0   1  0  1  0   1 || 0  0  0  0

1  0  1  1   1  0  1  1   1 || 0  0  0  1

1  1  0  0   1  1  0  0   1 || 0  0  1  0

1  1  0  1   1  1  0  1   1 || 0  0  1  1

1  1  1  0   1  1  1  0   1 || 0  1  0  0

1  1  1  1   1  1  1  1   1 || 0  1  0  1


m3 = nv3.v2.v1.nv0.nz + v3.nv2.nv1.nv0.nz + v3.nv2.nv1.v0.nz
m2 = nv3.v2.nv1.nv0.nz + nv3.v2.nv1.v0.nz + nv3.v2.v1.nv0.nz + b3.b2.b1.nb0.z + b3.b2.b1.b0.z
m1 = nv3.nv2.v1.nv0.nz + nv3.nv2.v1.v0.nz + nv3.v2.nv1.v0.nz + nv3.v2.v1.nv0.nz + v3.nv2.nv1.v0.nz + b3.b2.nb1.nb0.z + b3.b2.nb1.b0.z
m0 = nv3.nv2.nv1.v0.nz + nv3.nv2.v1.v0.nz + nv3.v2.v1.nv0.nz + v3.nv2.nv1.v0.nz + B3.nB2.B1.B0.z + B3.B2.nB1.B0.z + B3.B2.B1.B0.z
m=x quand s=0
m=y quand s=1

x (V)
y (B)
s = z



v b z  m
0 0 0  0 
.B0 0 1  0
0 1 0  0
0 1 1  1
1 0 0  1
1 0 1  1
1 1 0  1
1 1 1  1


	5/Circuit B

v3 v2 v1 v0  b3 b2 b1 b0  z || m3 m2 m1 m0 || H0 H1 H2 H3 H4 H5 H6 
0  0  0  0   0  0  0  0   0 || 0  0  0  0  || 0  0  0  0  0  0  1
0  0  0  1   0  0  0  0   0 || 0  0  0  1  || 1  0  0  1  1  1  1
0  0  1  0   0  0  0  0   0 || 0  0  1  0  || 0  0  1  0  0  1  0
0  0  1  1   0  0  0  0   0 || 0  0  1  1  || 0  0  0  0  1  1  0
0  1  0  0   0  0  0  0   0 || 0  1  0  0  || 1  0  0  1  1  0  0
0  1  0  1   0  0  0  0   0 || 0  1  0  1  || 0  1  0  0  1  0  0
0  1  1  0   0  0  0  0   0 || 0  1  1  0  || 0  1  0  0  0  0  0
0  1  1  1   0  0  0  0   0 || 0  1  1  1  || 0  0  0  1  1  1  1
1  0  0  0   0  0  0  0   0 || 1  0  0  0  || 0  0  0  0  0  0  0
1  0  0  1   0  0  0  0   0 || 1  0  0  1  || 0  0  0  0  1  0  0

1  0  1  0   0  0  0  0   1 || 0  0  0  0  || 0  0  0  0  0  0  1
1  0  1  1   0  0  0  1   1 || 0  0  0  1  || 1  0  0  1  1  1  1
1  1  0  0   0  0  1  0   1 || 0  0  1  0  || 0  0  1  0  0  1  0
1  1  0  1   0  0  1  1   1 || 0  0  1  1  || 0  0  0  0  1  1  0
1  1  1  0   0  1  0  0   1 || 0  1  0  0  || 1  0  0  1  1  0  0
1  1  1  1   0  1  0  1   1 || 0  1  0  1  || 0  1  0  0  1  0  0


H6 = nm3.nm2.nm1.nm0 + nm3.nm2.nm1.m0 + nm3.m2.m1.m0 + nm3.nm2.nm1.nm0 + nm3.nm2.nm1.m0
H5 = nm3.nm2.nm1.m0 + nm3.nm2.m1.nm0 + nm3.nm2.m1.m0 + nm3.m2.m1.m0 + nm3.nm2.nm1.m0 + nm3.nm2.m1.nm0 + nm3.nm2.m1.m0 + nm3.nm2.m1.m0 
H4 = nm3.nm2.nm1.m0 + nm3.nm2.m1.m0 + nm3.m2.nm1.nm0 + nm3.m2.nm1.m0 + nm3.m2.m1.m0 + m3.nm2.nm1.m0 + nm3.nm2.nm1.m0 + nm3.nm2.m1.m0 + nm3.m2.nm1.nm0 + nm3.m2.nm1.m0
H3 = nm3.nm2.nm1.m0 + nm3.m2.nm1.nm0 + nm3.m2.m1.m0 + nm3.nm2.nm1.m0 + nm3.m2.nm1.nm0
H2 = nm3.nm2.m1.nm0 + nm3.nm2.m1.nm0
H1 = nm3.m2.nm1.m0 + nm3.m2.m1.nm0 + nm3.m2.nm1.m0
H0 = nm3.nm2.nm1.m0 + nm3.m2.nm1.nm0 + nm3.nm2.nm1.m0 + nm3.m2.nm1.nm0



m0 = v0.nv1.nv2.nv3.nz + v1.v0.nv2.nv3.nz + v2.v0.nv3.nv1.nz + v2.v1.v0.nv3.nz + v3.v0.nv2.nv1.nz + b0.nb3.nb2.nb1.z + b1.b0.nb2.nb3.z + b2.nb3.nb1.nb0.z + b2.b0.nb3.nb1.z
m1 = v1.nv3.nv2.nv0.nz + v1.v0.nv3.nv2.nz + v2.v1.nv3.nv0.nz + v2.v1.v0.nv3.nz + b1.nb3.nb2.nb0.z + b1.b2.nb3.nb0.z
m2 = v2.nv3.nv1.nv0.nz + v2.v0.nv1.nv3.nz + v2.v1.nv3.nv0.nz + v2.v1.v0.nv3.nz + b2.nb3.nb1.nb0.z + b2.b0.nb3.nb1.nb0.z
m3 = v3.nv2.nv1.nv0.nz + v3.v0.nv1.nv2.nz



        __    __      __               __ __         __               __
b0 = v3.v2.v1.v0 + v3.v2.v1.v0 + v3.v2.v1.v0 + v3.v2.v1.v0 + v3.v2.v1.v0 + v3.v2.v1.v0
